"id" "time" "y"
"1" 1 0 -0.250581524296933
"2" 1 0.111111111111111 0.793980437535244
"3" 1 0.222222222222222 -0.535716318179036
"4" 1 0.333333333333333 -0.992529368623218
"5" 1 0.444444444444444 -0.383742399707435
"6" 1 0.555555555555556 -0.475863852363128
"7" 1 0.666666666666667 -2.03693106797839
"8" 1 0.777777777777778 -0.592638837742017
"9" 1 0.888888888888889 -1.47625287513503
"10" 1 1 -1.66736724136906
"11" 2 0 0.0734573296888329
"12" 2 0.111111111111111 -0.182362667759934
"13" 2 0.222222222222222 0.203882196734831
"14" 2 0.333333333333333 -0.106441771978648
"15" 2 0.444444444444444 -0.253023572771682
"16" 2 0.555555555555556 -1.25225259295785
"17" 2 0.666666666666667 -0.474399133120779
"18" 2 0.777777777777778 -1.45081512500662
"19" 2 0.888888888888889 -1.79205898778068
"20" 2 1 -1.35794578798157
"21" 3 0 -0.334251444964019
"22" 3 0.111111111111111 0.109229078313644
"23" 3 0.222222222222222 -0.419165096752081
"24" 3 0.333333333333333 -0.412030078535739
"25" 3 0.444444444444444 -0.577274500700545
"26" 3 0.555555555555556 -0.0447983788436727
"27" 3 0.666666666666667 -1.25421720041285
"28" 3 0.777777777777778 -1.1926936961289
"29" 3 0.888888888888889 -1.54030152677078
"30" 3 1 -1.29460755416018
"31" 4 0 0.638112320855117
"32" 4 0.111111111111111 -0.1554658031544
"33" 4 0.222222222222222 -0.405155945350688
"34" 4 0.333333333333333 -1.0869000116369
"35" 4 0.444444444444444 -1.01814971181307
"36" 4 0.555555555555556 -0.986786175848678
"37" 4 0.666666666666667 -1.17199153547768
"38" 4 0.777777777777778 -1.87045416081304
"39" 4 0.888888888888889 -1.47818284236464
"40" 4 1 -1.4925570398685
"41" 5 0 0.131803108726144
"42" 5 0.111111111111111 -0.463975950219629
"43" 5 0.222222222222222 -0.373409629818758
"44" 5 0.333333333333333 -0.291590902940745
"45" 5 0.444444444444444 -0.201480844279735
"46" 5 0.555555555555556 -0.171675212423337
"47" 5 0.666666666666667 -1.06772733292079
"48" 5 0.777777777777778 -0.938777477939026
"49" 5 0.888888888888889 -0.393111603017691
"50" 5 1 -0.972620411097329
"53" 6 0.222222222222222 -0.0482668105127712
"55" 6 0.444444444444444 -1.46673264458086
"56" 6 0.555555555555556 -0.228448255753081
"57" 6 0.666666666666667 -0.755112730404349
"58" 6 0.777777777777778 -0.521727947385953
"59" 6 0.888888888888889 -0.35472078305335
"60" 6 1 -1.52633279993526
"61" 7 0 0.194971620971394
"62" 7 0.111111111111111 -0.888650118223082
"63" 7 0.222222222222222 -0.362759094983864
"64" 7 0.333333333333333 0.085834924787919
"65" 7 0.444444444444444 -0.884582962667357
"66" 7 0.555555555555556 -0.800147039898968
"67" 7 0.666666666666667 -0.72866392911092
"68" 7 0.777777777777778 -1.82157892550855
"69" 7 0.888888888888889 -1.40001464512704
"70" 7 1 -1.78011843132708
"71" 8 0 0.295329882051687
"72" 8 0.111111111111111 0.419555277958488
"73" 8 0.222222222222222 -0.348387001920152
"76" 8 0.555555555555556 -0.606444967392733
"77" 8 0.666666666666667 -0.772819211011331
"78" 8 0.777777777777778 -1.47849407194737
"80" 8 1 -1.28506954739146
"81" 9 0 0.230312540661397
"82" 9 0.111111111111111 -0.105365331381908
"85" 9 0.444444444444444 -0.733115081372669
"86" 9 0.555555555555556 -1.24315272514712
"87" 9 0.666666666666667 -1.22901704157045
"88" 9 0.777777777777778 -1.42313744016689
"89" 9 0.888888888888889 -2.1225073069632
"91" 10 0 -0.122155354862542
"92" 10 0.111111111111111 0.702378001478195
"93" 10 0.222222222222222 -0.463041442231861
"94" 10 0.333333333333333 -0.870443798950975
"95" 10 0.444444444444444 -0.258481103153024
"96" 10 0.555555555555556 -0.704130732124359
"97" 10 0.666666666666667 -1.54531650251134
"98" 10 0.777777777777778 -1.43911922409513
"99" 10 0.888888888888889 -1.12746467995812
"100" 10 1 -1.34321050248064
"102" 11 0.111111111111111 0.0235371448931984
"103" 11 0.222222222222222 -0.309269157159527
"104" 11 0.333333333333333 -0.570841584574616
"105" 11 0.444444444444444 -0.612177909425556
"106" 11 0.555555555555556 -0.41588834999086
"107" 11 0.666666666666667 -1.15548889773516
"109" 11 0.888888888888889 -1.76956276682728
"111" 12 0 0.155937294564572
"112" 12 0.111111111111111 -0.450645239035392
"113" 12 0.222222222222222 -0.568891127837199
"116" 12 0.555555555555556 -0.793701938574454
"117" 12 0.666666666666667 -0.888834347019783
"118" 12 0.777777777777778 -0.966281242967504
"119" 12 0.888888888888889 -0.419469603115588
"121" 13 0 -0.248496232216722
"122" 13 0.111111111111111 0.0776238747289553
"123" 13 0.222222222222222 -0.120734856280304
"126" 13 0.555555555555556 -1.01498809699508
"127" 13 0.666666666666667 -1.32923244862881
"129" 13 0.888888888888889 -1.68758036239652
"130" 13 1 -1.94685726613275
"131" 14 0 -0.885879954871
"132" 14 0.111111111111111 -0.540305719324367
"133" 14 0.222222222222222 -0.940690966048048
"134" 14 0.333333333333333 -0.16785073280733
"135" 14 0.444444444444444 -0.765732403314399
"136" 14 0.555555555555556 -1.09564607431351
"137" 14 0.666666666666667 -1.02753637379139
"138" 14 0.777777777777778 -1.17666572237797
"139" 14 0.888888888888889 -1.28889076143504
"140" 14 1 -1.65799784132555
"141" 15 0 0.449972367257243
"142" 15 0.111111111111111 -0.668120026762308
"143" 15 0.222222222222222 -0.210710189017427
"144" 15 0.333333333333333 -0.983233114521786
"145" 15 0.444444444444444 -0.388446344018811
"146" 15 0.555555555555556 -0.847702302382338
"147" 15 0.666666666666667 -1.46706493045192
"148" 15 0.777777777777778 -0.92947277825655
"149" 15 0.888888888888889 0.190777338950933
"150" 15 1 -0.880067863105477
"151" 16 0 1.48202655639391
"152" 16 0.111111111111111 1.44991182754032
"153" 16 0.222222222222222 0.552086737251632
"154" 16 0.333333333333333 0.580806234876903
"155" 16 0.444444444444444 1.29182467621965
"156" 16 0.555555555555556 1.09433125093739
"157" 16 0.666666666666667 0.496676394313757
"158" 16 0.777777777777778 0.254055164739477
"159" 16 0.888888888888889 -0.276897332510635
"160" 16 1 -0.297405791919466
"162" 17 0.111111111111111 1.15601658404596
"164" 17 0.333333333333333 1.57646308273771
"165" 17 0.444444444444444 -0.127905152623415
"166" 17 0.555555555555556 0.473076694546156
"167" 17 0.666666666666667 0.551542160638962
"169" 17 0.888888888888889 0.289693316435248
"170" 17 1 -0.932684847091829
"171" 18 0 1.87753448427412
"172" 18 0.111111111111111 1.33377547398598
"173" 18 0.222222222222222 0.955354704888664
"174" 18 0.333333333333333 0.59366101387814
"175" 18 0.444444444444444 1.06242915543167
"176" 18 0.555555555555556 0.618262622135689
"177" 18 0.666666666666667 0.441649748615599
"178" 18 0.777777777777778 0.323047304966072
"179" 18 0.888888888888889 -0.276091122223398
"180" 18 1 0.324898176883686
"181" 19 0 1.82848847803924
"182" 19 0.111111111111111 1.363069862994
"183" 19 0.222222222222222 0.905828754394267
"184" 19 0.333333333333333 1.16478988492701
"185" 19 0.444444444444444 0.983223096044795
"186" 19 0.555555555555556 0.14901066513833
"187" 19 0.666666666666667 0.434435617305573
"188" 19 0.777777777777778 0.0742691530990675
"189" 19 0.888888888888889 0.305728126195451
"190" 19 1 -0.20052426288054
"191" 20 0 1.737560528487
"192" 20 0.111111111111111 1.0975249548581
"193" 20 0.222222222222222 1.14390795552771
"194" 20 0.333333333333333 0.847569579556432
"195" 20 0.444444444444444 0.663226244710903
"196" 20 0.555555555555556 0.864391801072609
"197" 20 0.666666666666667 1.20542080111397
"198" 20 0.777777777777778 0.591877099347189
"199" 20 0.888888888888889 -0.182639147358151
"200" 20 1 -0.204354626380943
"201" 21 0 1.86759094864329
"202" 21 0.111111111111111 1.10586584020593
"203" 21 0.222222222222222 0.400922896394662
"204" 21 0.333333333333333 1.16376073586037
"205" 21 0.444444444444444 1.21373845636406
"206" 21 0.555555555555556 1.18982727471233
"208" 21 0.777777777777778 0.159800237321498
"211" 22 0 1.81285452029243
"212" 22 0.111111111111111 1.2792618872838
"213" 22 0.222222222222222 1.63729999147409
"214" 22 0.333333333333333 1.67554931448162
"215" 22 0.444444444444444 0.677638460645982
"216" 22 0.555555555555556 1.26548307042778
"217" 22 0.666666666666667 0.944572432292254
"218" 22 0.777777777777778 1.04237780732473
"219" 22 0.888888888888889 0.0479192098040182
"220" 22 1 -0.00902345133888881
"223" 23 0.222222222222222 0.500677692181865
"224" 23 0.333333333333333 1.63463537337679
"225" 23 0.444444444444444 0.719601068613504
"226" 23 0.555555555555556 0.992547759025609
"227" 23 0.666666666666667 0.130717218868068
"229" 23 0.888888888888889 -0.306630229506401
"230" 23 1 0.280495720171883
"231" 24 0 0.704259321654651
"233" 24 0.222222222222222 0.981254506077712
"234" 24 0.333333333333333 0.867636879726893
"235" 24 0.444444444444444 1.17629724456525
"236" 24 0.555555555555556 -0.0812488494143785
"239" 24 0.888888888888889 0.171183742036227
"240" 24 1 -0.23499281023592
"241" 25 0 1.74793029915788
"242" 25 0.111111111111111 1.5709118083847
"243" 25 0.222222222222222 0.720298624649529
"244" 25 0.333333333333333 0.0859057858830132
"245" 25 0.444444444444444 1.52118425298157
"246" 25 0.555555555555556 0.859478468316171
"247" 25 0.666666666666667 0.961930074838909
"248" 25 0.777777777777778 0.415398494630944
"249" 25 0.888888888888889 0.563307081090413
"250" 25 1 -0.242691176567516
"251" 26 0 1.4775485041884
"254" 26 0.333333333333333 1.99906463593367
"256" 26 0.555555555555556 0.849120907987147
"257" 26 0.666666666666667 0.477391430189404
"258" 26 0.777777777777778 -0.869886106234859
"259" 26 0.888888888888889 0.804253648228161
"260" 26 1 0.438656086000117
"261" 27 0 1.43768179731787
"262" 27 0.111111111111111 1.75857326824388
"263" 27 0.222222222222222 2.00153328491801
"264" 27 0.333333333333333 1.2668264667062
"265" 27 0.444444444444444 0.664459729418277
"266" 27 0.555555555555556 0.525306552334702
"267" 27 0.666666666666667 -0.351744259293861
"268" 27 0.777777777777778 -0.21311143919826
"269" 27 0.888888888888889 -0.382417841705001
"270" 27 1 -0.0990038708321185
"272" 28 0.111111111111111 1.21165976387961
"273" 28 0.222222222222222 1.17362491454397
"274" 28 0.333333333333333 1.21653093438548
"275" 28 0.444444444444444 0.357688015389499
"277" 28 0.666666666666667 0.637938304839782
"278" 28 0.777777777777778 0.163692429275409
"280" 28 1 -0.0639606853292988
"281" 29 0 1.30873997795655
"282" 29 0.111111111111111 1.48134085729985
"283" 29 0.222222222222222 0.652146454492937
"284" 29 0.333333333333333 0.994640190741637
"285" 29 0.444444444444444 0.700920141781729
"286" 29 0.555555555555556 0.321052285015905
"287" 29 0.666666666666667 -0.261982178234212
"288" 29 0.777777777777778 0.428054798831557
"289" 29 0.888888888888889 0.630436477408888
"290" 29 1 -0.25031130029403
"291" 30 0 1.66717662407988
"292" 30 0.111111111111111 1.44017284964223
"293" 30 0.222222222222222 0.510424452899235
"294" 30 0.333333333333333 1.20404336918117
"295" 30 0.444444444444444 0.457401602729325
"296" 30 0.555555555555556 0.938358976272929
"297" 30 0.666666666666667 0.175531938743913
"298" 30 0.777777777777778 -0.60375591481025
"299" 30 0.888888888888889 -0.279022272470772
"300" 30 1 0.360173854240095
"301" 31 0 1.54347182061162
"304" 31 0.333333333333333 -0.565750332707867
"305" 31 0.444444444444444 -1.04326565403342
"306" 31 0.555555555555556 -1.07053302664715
"308" 31 0.777777777777778 0.558326831019215
"309" 31 0.888888888888889 -0.245355832421178
"310" 31 1 0.60232254829351
"311" 32 0 0.958884909062802
"312" 32 0.111111111111111 1.24919156551225
"315" 32 0.444444444444444 -0.781940953497279
"316" 32 0.555555555555556 -1.56732549484349
"317" 32 0.666666666666667 -0.253745260278931
"319" 32 0.888888888888889 0.391683419713653
"320" 32 1 1.33970015435214
"321" 33 0 1.15506864462375
"322" 33 0.111111111111111 1.23020548939696
"323" 33 0.222222222222222 0.0464208278493926
"324" 33 0.333333333333333 -0.660098697591057
"325" 33 0.444444444444444 -1.28043545759545
"326" 33 0.555555555555556 -1.0866729232541
"327" 33 0.666666666666667 -0.0633324177858561
"328" 33 0.777777777777778 -0.127502734078235
"329" 33 0.888888888888889 0.379148659944752
"330" 33 1 1.32228091559057
"332" 34 0.111111111111111 1.04612990292498
"333" 34 0.222222222222222 -0.198096681314551
"334" 34 0.333333333333333 -1.04808315101898
"335" 34 0.444444444444444 0.119974131652044
"337" 34 0.666666666666667 -0.377358055394548
"338" 34 0.777777777777778 -0.448596459350768
"340" 34 1 0.812959625603512
"341" 35 0 0.449176177268557
"342" 35 0.111111111111111 1.40077782493532
"343" 35 0.222222222222222 -0.421335946389664
"344" 35 0.333333333333333 -0.104864693018048
"345" 35 0.444444444444444 -0.877287950519877
"346" 35 0.555555555555556 -1.07340516667837
"347" 35 0.666666666666667 -0.544063504993143
"348" 35 0.777777777777778 -0.407909317533493
"349" 35 0.888888888888889 0.604549725719764
"350" 35 1 1.33936812548934
"351" 36 0 0.834002174680128
"352" 36 0.111111111111111 0.9894390133451
"355" 36 0.444444444444444 -0.487609713803931
"356" 36 0.555555555555556 -0.646592603902268
"357" 36 0.666666666666667 -0.869725109250914
"358" 36 0.777777777777778 0.196180912088694
"359" 36 0.888888888888889 0.858642894416831
"361" 37 0 0.84228401851586
"362" 37 0.111111111111111 0.255407559735763
"363" 37 0.222222222222222 0.573659699152496
"364" 37 0.333333333333333 -0.623496227690245
"365" 37 0.444444444444444 -1.85534221272195
"366" 37 0.555555555555556 -0.561058364706794
"367" 37 0.666666666666667 0.137165501487678
"368" 37 0.777777777777778 0.377395940336487
"369" 37 0.888888888888889 0.59709547994828
"370" 37 1 1.23024811540774
"371" 38 0 0.976274641315526
"372" 38 0.111111111111111 0.536738277424224
"373" 38 0.222222222222222 -0.074858500251799
"374" 38 0.333333333333333 -1.00131590224308
"375" 38 0.444444444444444 -0.643292157907733
"376" 38 0.555555555555556 -0.937933139055359
"377" 38 0.666666666666667 -0.481995760751248
"378" 38 0.777777777777778 -0.66550500624679
"379" 38 0.888888888888889 0.915691800997097
"380" 38 1 1.80993681816727
"381" 39 0 1.44001014879355
"382" 39 0.111111111111111 0.276199397159636
"383" 39 0.222222222222222 -0.380122561286866
"384" 39 0.333333333333333 -0.24310347772887
"385" 39 0.444444444444444 -1.46619068496653
"386" 39 0.555555555555556 -1.08062154300585
"387" 39 0.666666666666667 -0.786051360267153
"388" 39 0.777777777777778 -0.228096614112804
"389" 39 0.888888888888889 0.619642133120172
"390" 39 1 0.215058723509984
"391" 40 0 1.30527029938302
"392" 40 0.111111111111111 0.576684188543253
"393" 40 0.222222222222222 0.921364426636363
"394" 40 0.333333333333333 -0.517883654757591
"395" 40 0.444444444444444 -0.571771149742252
"396" 40 0.555555555555556 -1.15157082443931
"397" 40 0.666666666666667 -0.153910760113145
"398" 40 0.777777777777778 0.387956866567967
"399" 40 0.888888888888889 1.2420850217274
"400" 40 1 0.534031627744965
"401" 41 0 0.934190561498565
"402" 41 0.111111111111111 0.517897772229328
"403" 41 0.222222222222222 0.34368832861591
"404" 41 0.333333333333333 -1.19328736272994
"405" 41 0.444444444444444 -0.780440558605126
"407" 41 0.666666666666667 -0.0702236166888404
"409" 41 0.888888888888889 0.471113433016086
"411" 42 0 0.898655327945397
"413" 42 0.222222222222222 0.0781893373017173
"414" 42 0.333333333333333 -0.499147256127892
"415" 42 0.444444444444444 -1.10270405249382
"416" 42 0.555555555555556 -1.36507558697903
"418" 42 0.777777777777778 1.03979557839384
"419" 42 0.888888888888889 0.882311101294684
"421" 43 0 1.2787853501619
"422" 43 0.111111111111111 0.401675783698
"423" 43 0.222222222222222 0.597041397150538
"424" 43 0.333333333333333 -0.752120133571258
"425" 43 0.444444444444444 -0.409989168714999
"426" 43 0.555555555555556 -0.841208283371349
"427" 43 0.666666666666667 -0.741198921442038
"428" 43 0.777777777777778 0.671946846766172
"429" 43 0.888888888888889 0.412104615805196
"430" 43 1 1.63385163166389
"431" 44 0 1.22266527946946
"432" 44 0.111111111111111 0.829255952080608
"433" 44 0.222222222222222 0.528217238216905
"434" 44 0.333333333333333 -0.636387431944162
"435" 44 0.444444444444444 -1.22018528848468
"436" 44 0.555555555555556 -1.05549236741163
"437" 44 0.666666666666667 -0.656347128289255
"438" 44 0.777777777777778 0.411847391294768
"439" 44 0.888888888888889 0.849247034667311
"440" 44 1 1.6711555811905
"441" 45 0 0.724497722180192
"442" 45 0.111111111111111 0.504210585551451
"443" 45 0.222222222222222 -0.0740490416255284
"444" 45 0.333333333333333 -0.962628945054341
"445" 45 0.444444444444444 -1.17193834248212
"446" 45 0.555555555555556 -1.84564836338109
"447" 45 0.666666666666667 -0.666488812612077
"448" 45 0.777777777777778 0.175601957482206
"449" 45 0.888888888888889 0.746952374127567
"450" 45 1 1.19531867935798
"452" 46 0.111111111111111 0.680080669683874
"453" 46 0.222222222222222 1.35524670958473
"454" 46 0.333333333333333 1.45058619669376
"455" 46 0.444444444444444 0.460604225144229
"456" 46 0.555555555555556 0.365111830876218
"457" 46 0.666666666666667 0.813105753094375
"460" 46 1 1.3465118006708
"461" 47 0 -0.854167215145268
"462" 47 0.111111111111111 0.259848752341698
"463" 47 0.222222222222222 0.37079491171214
"465" 47 0.444444444444444 0.59376165485304
"467" 47 0.666666666666667 0.816716343941588
"468" 47 0.777777777777778 0.698830424789959
"469" 47 0.888888888888889 0.932653477364757
"471" 48 0 -0.692586830193834
"472" 48 0.111111111111111 0.337235453732907
"473" 48 0.222222222222222 -0.0969921363165769
"474" 48 0.333333333333333 0.0871240686255436
"475" 48 0.444444444444444 1.23910707890363
"476" 48 0.555555555555556 0.852140433091415
"477" 48 0.666666666666667 0.845097741142177
"478" 48 0.777777777777778 1.23239973607991
"479" 48 0.888888888888889 1.4624295662134
"480" 48 1 1.18263119967635
"481" 49 0 -1.04493848486009
"482" 49 0.111111111111111 0.126839905065354
"483" 49 0.222222222222222 0.415045882986859
"484" 49 0.333333333333333 0.808206809022567
"485" 49 0.444444444444444 1.03451395737246
"486" 49 0.555555555555556 1.24996529975895
"487" 49 0.666666666666667 1.54009688630248
"488" 49 0.777777777777778 1.57327845893129
"489" 49 0.888888888888889 1.26290406929214
"490" 49 1 1.14553668649846
"491" 50 0 -0.647556909418314
"492" 50 0.111111111111111 0.646036194142583
"493" 50 0.222222222222222 0.555821059461484
"494" 50 0.333333333333333 0.834599692088964
"495" 50 0.444444444444444 1.26309678462521
"496" 50 0.555555555555556 1.68364179862894
"497" 50 0.666666666666667 0.684353405457315
"498" 50 0.777777777777778 1.41456483893032
"499" 50 0.888888888888889 1.04764315236736
"500" 50 1 0.690626385624075
"501" 51 0 -0.840757647853173
"502" 51 0.111111111111111 -0.281128819644775
"503" 51 0.222222222222222 1.39599708339229
"504" 51 0.333333333333333 0.334998753363058
"505" 51 0.444444444444444 0.704985631932926
"506" 51 0.555555555555556 1.51820448574915
"507" 51 0.666666666666667 0.808101719853988
"508" 51 0.777777777777778 0.655895172231373
"509" 51 0.888888888888889 0.513417522527171
"510" 51 1 0.877724522146322
"511" 52 0 -1.24481055730031
"512" 52 0.111111111111111 -0.21149213020941
"514" 52 0.333333333333333 -0.426238835145043
"515" 52 0.444444444444444 1.01158121426426
"516" 52 0.555555555555556 1.19955941023069
"517" 52 0.666666666666667 1.22438330309114
"520" 52 1 0.94110598988366
"521" 53 0 -0.86355212343023
"522" 53 0.111111111111111 0.546078657351481
"523" 53 0.222222222222222 0.655605245937912
"526" 53 0.555555555555556 1.08063708793219
"528" 53 0.777777777777778 0.937330595101713
"529" 53 0.888888888888889 1.02202478359049
"530" 53 1 1.55258082211588
"532" 54 0.111111111111111 -0.287112779389331
"533" 54 0.222222222222222 0.441944549625934
"534" 54 0.333333333333333 0.957532487894968
"535" 54 0.444444444444444 0.290530160601382
"536" 54 0.555555555555556 0.851532642722562
"538" 54 0.777777777777778 1.1575486232638
"540" 54 1 0.58024701976735
"541" 55 0 -0.426790519319585
"542" 55 0.111111111111111 -0.10978653550597
"543" 55 0.222222222222222 0.339205386821929
"544" 55 0.333333333333333 0.705440123109731
"545" 55 0.444444444444444 1.57240481254458
"546" 55 0.555555555555556 1.55980873126726
"547" 55 0.666666666666667 0.760134235767217
"548" 55 0.777777777777778 1.52159046682045
"549" 55 0.888888888888889 1.64715538513265
"550" 55 1 0.149308436525204
"551" 56 0 -0.207840040597656
"552" 56 0.111111111111111 -0.183957409841978
"553" 56 0.222222222222222 0.458915312444036
"554" 56 0.333333333333333 0.690057935924681
"555" 56 0.444444444444444 0.914812161927867
"556" 56 0.555555555555556 1.16714565703288
"557" 56 0.666666666666667 1.17281695842174
"558" 56 0.777777777777778 0.453749081083584
"559" 56 0.888888888888889 0.68250717137253
"560" 56 1 1.30235378292843
"561" 57 0 -1.1468885905866
"562" 57 0.111111111111111 -0.154831385484587
"563" 57 0.222222222222222 0.787861566020611
"564" 57 0.333333333333333 0.953657724974821
"565" 57 0.444444444444444 1.16727269721754
"566" 57 0.555555555555556 0.459221236956951
"567" 57 0.666666666666667 1.37047041283772
"568" 57 0.777777777777778 1.12694671193999
"569" 57 0.888888888888889 1.11168848431548
"570" 57 1 0.668578247345273
"571" 58 0 -1.41765385052661
"572" 58 0.111111111111111 -0.138479559255808
"573" 58 0.222222222222222 1.30290372722946
"574" 58 0.333333333333333 0.254745978094985
"575" 58 0.444444444444444 1.24308776831799
"576" 58 0.555555555555556 0.866394999349368
"577" 58 0.666666666666667 0.86290288698734
"578" 58 0.777777777777778 1.07459280893242
"579" 58 0.888888888888889 1.50303906848574
"580" 58 1 0.820599726382437
"581" 59 0 -0.772112149023035
"582" 59 0.111111111111111 0.170841094441947
"583" 59 0.222222222222222 0.883762699274054
"584" 59 0.333333333333333 1.16804025123647
"585" 59 0.444444444444444 0.840806816977489
"586" 59 0.555555555555556 0.161088085197559
"587" 59 0.666666666666667 0.391371343267088
"588" 59 0.777777777777778 1.45877497940063
"589" 59 0.888888888888889 1.23123321808051
"590" 59 1 1.35692450815979
"592" 60 0.111111111111111 -0.0977664309730266
"593" 60 0.222222222222222 0.955969083123228
"594" 60 0.333333333333333 0.727191822215508
"596" 60 0.555555555555556 0.850548474861241
"597" 60 0.666666666666667 1.64701713506288
"598" 60 0.777777777777778 0.970028886045179
"599" 60 0.888888888888889 0.867535194197603
